=2
 -------------------------------------------------------------
   Values of discrete variables at the end of major iterations
 -------------------------------------------------------------

  Total no. of variables         :  3919
  Total no. of binary variables  :   290
  Total no. of integer variables :    10

  Seq. no. of binary variables in the list of variables


        1        2        3        4        5
        6        7        8        9       10
       11       12       13       14       15
       16       17       18       19       20
       21       22       23       24       25
       26       27       28       29       30
       31       32       33       34       35
       36       37       38       39       40
       41       42       43       44       45
       46       47       48       49       50
       51       52       53       54       55
       56       57       58       59       60
       61       62       63       64       65
       66       67       68       69       70
       71       72       73       74       75
       76       77       78       79       80
       81       82       83       84       85
       86       87       88       89       90
       91       92       93       94       95
       96       97       98       99      100
      101      102      103      104      105
      106      107      108      109      110
      111      112      113      114      115
      116      117      118      119      120
      121      122      123      124      125
      126      127      128      129      130
      131      132      133      134      135
      136      137      138      139      140
      141      142      143      144      145
      146      147      148      149      150
      151      152      153      154      155
      156      157      158      159      160
      161      162      163      164      165
      166      167      168      169      170
      171      172      173      174      175
      176      177      178      179      180
      181      182      183      184      185
      186      187      188      189      190
      191      192      193      194      195
      196      197      198      199      200
      201      202      203      204      205
      206      207      208      209      210
      211      212      213      214      215
      216      217      218      219      220
      221      222      223      224      225
      226      227      228      229      230
      231      232      233      234      235
      236      237      238      239      240
      241      242      243      244      245
      246      247      248      249      250
      251      252      253      254      255
      256      257      258      259      260
      261      262      263      264      265
      266      267      268      269      270
      271      272      273      274      275
      276      277      278      279      280
      281      282      283      284      285
      286      287      288      289      290

  Seq. no. of integer variables in the list of variables


      291      292      293      294      295
      296      297      298      299      300

  Values of binary variables : Iteration no.: 1


   0.265   0.162   0.118   0.089   0.075
   0.067   0.060   0.056   0.051   0.047
   0.044   0.042   0.040   0.038   0.035
   0.033   0.029   0.000   0.000   0.000
   0.000   0.000   0.000   0.000   0.000
   0.000   0.000   0.000   0.000   0.000
   0.000   0.000   0.000   0.000   0.000
   0.000   0.000   0.000   0.000   0.128
   0.108   0.101   0.100   0.102   0.107
   0.117   0.124   0.140   0.184   0.053
   0.088   0.248   0.000   0.121   0.279
   0.000   0.000   0.000   0.000   0.000
   0.000   0.000   0.000   0.000   0.000
   0.000   0.000   0.000   0.000   0.000
   0.000   0.000   0.000   0.000   0.000
   0.000   0.000   0.000   0.156   0.186
   0.258   0.000   0.162   0.438   0.000
   0.000   0.000   0.483   0.274   0.132
   0.092   0.156   0.118   0.044   0.033
   0.037   0.038   0.052   0.065   0.051
   0.026   0.031   0.034   0.000   0.000
   0.000   0.000   0.000   0.000   0.000
   0.000   0.000   0.000   0.000   0.000
   0.000   0.000   0.000   0.000   0.000
   0.000   0.000   0.000   0.000   0.000
   0.000   0.000   0.000   0.000   0.000
   0.000   0.000   0.000   0.000   0.000
   0.000   0.000   0.000   0.000   0.000
   0.000   0.000   0.000   0.000   0.000
   0.000   0.000   0.000   0.000   0.294
   0.126   0.103   0.094   0.106   0.105
   0.277   0.070   0.087   0.124   0.117
   0.149   0.347   0.000   0.000   0.000
   0.000   0.000   0.000   0.000   0.000
   0.000   0.000   0.000   0.000   0.000
   0.000   0.000   0.000   0.517   0.483
   0.000   0.000   0.000   0.000   0.000
   0.000   0.000   0.000   0.000   0.000
   0.000   0.000   0.484   0.516   0.000
   0.000   0.000   0.000   0.000   0.000
   0.000   0.000   0.000   0.000   0.000
   0.000   0.000   0.000   0.000   0.000
   0.000   0.000   0.000   0.000   0.000
   0.000   0.000   0.000   0.000   0.000
   0.000   0.000   0.000   0.000   0.000
   0.000   0.000   0.000   0.000   0.000
   0.000   0.000   0.000   0.000   0.000
   0.000   0.000   0.000   0.000   0.000
   0.000   0.000   0.506   0.494   0.000
   0.000   0.496   0.504   0.000   0.000
   0.000   0.000   0.000   0.000   0.000
   0.000   0.000   0.000   0.000   0.000
   0.000   0.000   0.000   0.000   0.000
   0.000   0.000   0.000   0.000   0.000
   0.000   0.000   0.000   0.000   0.000
   0.201   0.174   0.125   0.000   0.200
   0.300   0.000   0.000   0.000   0.000
   0.000   0.000   0.000   0.000   0.000

  Values of integer variables : Iteration no.: 1


   1.250   2.000   1.200   1.667   0.000
   2.000   2.000   0.000   2.000   1.000

=2

  Values of binary variables : Iteration no.: 2


   0.000   1.000   0.000   0.000   0.000
   0.000   0.000   0.000   0.000   0.000
   0.000   0.000   0.000   0.000   0.000
   0.000   0.000   0.000   0.000   0.000
   0.000   0.000   0.000   0.000   0.000
   0.000   0.000   0.000   0.000   0.000
   0.000   0.000   0.000   0.000   0.000
   0.000   0.000   0.000   0.000   0.000
   0.000   0.000   0.000   1.000   0.000
   0.000   0.000   0.000   0.000   0.000
   0.000   0.000   0.000   0.000   1.000
   0.000   0.000   0.000   0.000   0.000
   0.000   0.000   0.000   0.000   0.000
   0.000   0.000   0.000   0.000   0.000
   0.000   0.000   0.000   0.000   0.000
   0.000   0.000   0.000   0.000   0.000
   1.000   0.000   0.000   0.000   0.000
   0.000   0.000   0.000   1.000   0.000
   0.000   0.000   0.000   0.000   0.000
   0.000   0.000   0.000   0.000   0.000
   0.000   0.000   0.000   0.000   0.000
   0.000   0.000   0.000   0.000   0.000
   0.000   0.000   0.000   0.000   0.000
   0.000   0.000   1.000   0.000   0.000
   0.000   0.000   0.000   0.000   0.000
   0.000   0.000   0.000   0.000   0.000
   0.000   0.000   0.000   0.000   0.000
   0.000   0.000   0.000   0.000   0.000
   0.000   0.000   0.000   0.000   0.000
   0.000   0.000   0.000   0.000   0.000
   0.000   1.000   0.000   0.000   0.000
   0.000   0.000   0.000   0.000   0.000
   0.000   1.000   0.000   0.000   0.000
   0.000   0.000   0.000   0.000   0.000
   0.000   0.000   0.000   0.000   0.000
   0.000   0.000   0.000   0.000   0.000
   1.000   0.000   0.000   0.000   0.000
   0.000   0.000   0.000   0.000   0.000
   0.000   0.000   1.000   0.000   0.000
   0.000   0.000   0.000   0.000   0.000
   0.000   0.000   0.000   0.000   0.000
   0.000   0.000   0.000   0.000   0.000
   0.000   0.000   0.000   0.000   0.000
   1.000   0.000   0.000   0.000   0.000
   0.000   0.000   0.000   0.000   0.000
   0.000   0.000   0.000   0.000   0.000
   0.000   0.000   0.000   0.000   0.000
   0.000   0.000   0.000   0.000   0.000
   0.000   0.000   0.000   0.000   1.000
   0.000   0.000   0.000   0.000   0.000
   0.000   0.000   0.000   0.000   0.000
   0.000   0.000   0.000   0.000   0.000
   0.000   0.000   0.000   0.000   0.000
   0.000   0.000   0.000   0.000   0.000
   0.000   0.000   0.000   0.000   0.000
   0.000   0.000   1.000   0.000   0.000
   0.000   0.000   0.000   0.000   0.000
   0.000   0.000   0.000   0.000   0.000

  Values of integer variables : Iteration no.: 2


   1.000   2.000   1.000   1.000   1.000
   2.000   2.000   1.000   1.000   1.000

=2

  Values of binary variables : Iteration no.: 3


   0.000   1.000   0.000   0.000   0.000
   0.000   0.000   0.000   0.000   0.000
   0.000   0.000   0.000   0.000   0.000
   0.000   0.000   0.000   0.000   0.000
   0.000   0.000   0.000   0.000   0.000
   0.000   0.000   0.000   0.000   0.000
   0.000   0.000   0.000   0.000   0.000
   0.000   0.000   0.000   0.000   0.000
   0.000   0.000   0.000   0.000   0.000
   0.000   0.000   1.000   0.000   0.000
   0.000   0.000   0.000   0.000   0.000
   0.000   0.000   0.000   0.000   0.000
   0.000   0.000   0.000   0.000   0.000
   0.000   0.000   0.000   0.000   0.000
   0.000   0.000   0.000   0.000   0.000
   0.000   0.000   0.000   0.000   0.000
   0.000   0.000   0.000   1.000   0.000
   0.000   0.000   1.000   0.000   0.000
   0.000   1.000   0.000   0.000   0.000
   0.000   0.000   0.000   0.000   0.000
   0.000   0.000   0.000   0.000   0.000
   0.000   0.000   0.000   0.000   0.000
   0.000   0.000   0.000   0.000   0.000
   0.000   1.000   0.000   0.000   0.000
   1.000   0.000   0.000   0.000   0.000
   0.000   0.000   0.000   0.000   0.000
   0.000   0.000   0.000   0.000   0.000
   0.000   0.000   0.000   0.000   0.000
   0.000   0.000   0.000   0.000   0.000
   0.000   0.000   0.000   0.000   0.000
   0.000   0.000   0.000   0.000   1.000
   0.000   0.000   0.000   0.000   0.000
   0.000   0.000   0.000   0.000   0.000
   0.000   0.000   0.000   0.000   0.000
   0.000   0.000   0.000   0.000   0.000
   0.000   0.000   0.000   0.000   0.000
   0.000   0.000   1.000   0.000   0.000
   0.000   0.000   0.000   0.000   0.000
   0.000   0.000   0.000   0.000   0.000
   0.000   0.000   0.000   0.000   0.000
   0.000   0.000   0.000   0.000   0.000
   0.000   0.000   0.000   0.000   0.000
   0.000   0.000   0.000   0.000   0.000
   0.000   0.000   0.000   1.000   0.000
   0.000   0.000   0.000   0.000   0.000
   0.000   0.000   0.000   0.000   0.000
   0.000   0.000   0.000   0.000   0.000
   0.000   0.000   0.000   0.000   0.000
   0.000   0.000   0.000   0.000   0.000
   0.000   1.000   0.000   0.000   0.000
   0.000   0.000   0.000   0.000   0.000
   0.000   0.000   0.000   0.000   0.000
   0.000   0.000   0.000   0.000   0.000
   0.000   0.000   0.000   0.000   0.000
   0.000   0.000   0.000   0.000   0.000
   0.000   0.000   0.000   0.000   0.000
   1.000   0.000   0.000   0.000   0.000
   0.000   0.000   0.000   0.000   0.000

  Values of integer variables : Iteration no.: 3


   1.000   1.000   1.000   2.000   2.000
   1.000   1.000   1.000   1.000   1.000

=2

  Values of binary variables : Iteration no.: 4


   0.000   1.000   0.000   0.000   0.000
   0.000   0.000   0.000   0.000   0.000
   0.000   0.000   0.000   0.000   0.000
   0.000   0.000   0.000   0.000   0.000
   0.000   0.000   0.000   0.000   0.000
   0.000   0.000   0.000   0.000   0.000
   0.000   0.000   0.000   0.000   0.000
   0.000   0.000   0.000   0.000   0.000
   0.000   0.000   0.000   0.000   0.000
   0.000   0.000   0.000   0.000   0.000
   0.000   1.000   0.000   0.000   0.000
   0.000   0.000   0.000   0.000   0.000
   0.000   0.000   0.000   0.000   0.000
   0.000   0.000   0.000   0.000   0.000
   0.000   0.000   0.000   0.000   0.000
   0.000   0.000   0.000   0.000   0.000
   0.000   0.000   0.000   1.000   0.000
   0.000   0.000   1.000   0.000   0.000
   0.000   1.000   0.000   0.000   0.000
   0.000   0.000   0.000   0.000   0.000
   0.000   0.000   0.000   0.000   0.000
   0.000   0.000   0.000   0.000   0.000
   0.000   0.000   0.000   0.000   0.000
   0.000   1.000   0.000   0.000   0.000
   1.000   0.000   0.000   0.000   0.000
   0.000   0.000   0.000   0.000   0.000
   0.000   0.000   0.000   0.000   0.000
   0.000   0.000   0.000   0.000   0.000
   0.000   0.000   0.000   0.000   0.000
   0.000   0.000   0.000   0.000   0.000
   0.000   0.000   0.000   0.000   1.000
   0.000   0.000   0.000   0.000   0.000
   0.000   0.000   0.000   0.000   0.000
   0.000   0.000   0.000   0.000   0.000
   0.000   0.000   0.000   0.000   0.000
   0.000   0.000   0.000   0.000   0.000
   0.000   0.000   1.000   0.000   0.000
   0.000   0.000   0.000   0.000   0.000
   0.000   0.000   0.000   0.000   0.000
   0.000   0.000   0.000   0.000   0.000
   0.000   0.000   0.000   0.000   0.000
   0.000   0.000   0.000   0.000   0.000
   0.000   0.000   0.000   0.000   0.000
   0.000   0.000   0.000   1.000   0.000
   0.000   0.000   0.000   0.000   0.000
   0.000   0.000   0.000   0.000   0.000
   0.000   0.000   0.000   0.000   0.000
   0.000   0.000   0.000   0.000   0.000
   0.000   0.000   0.000   0.000   0.000
   0.000   0.000   1.000   0.000   0.000
   0.000   0.000   0.000   0.000   0.000
   0.000   0.000   0.000   0.000   0.000
   0.000   0.000   0.000   0.000   0.000
   0.000   0.000   0.000   0.000   0.000
   0.000   0.000   0.000   0.000   0.000
   0.000   0.000   0.000   0.000   0.000
   1.000   0.000   0.000   0.000   0.000
   0.000   0.000   0.000   0.000   0.000

  Values of integer variables : Iteration no.: 4


   1.000   1.000   1.000   2.000   2.000
   1.000   1.000   1.000   1.000   1.000

=2

  Values of binary variables : Iteration no.: 5


   0.000   1.000   0.000   0.000   0.000
   0.000   0.000   0.000   0.000   0.000
   0.000   0.000   0.000   0.000   0.000
   0.000   0.000   0.000   0.000   0.000
   0.000   0.000   0.000   0.000   0.000
   0.000   0.000   0.000   0.000   0.000
   0.000   0.000   0.000   0.000   0.000
   0.000   0.000   0.000   0.000   0.000
   0.000   0.000   0.000   0.000   0.000
   0.000   0.000   0.000   1.000   0.000
   0.000   0.000   0.000   0.000   0.000
   0.000   0.000   0.000   0.000   0.000
   0.000   0.000   0.000   0.000   0.000
   0.000   0.000   0.000   0.000   0.000
   0.000   0.000   0.000   0.000   0.000
   0.000   0.000   0.000   0.000   0.000
   0.000   0.000   0.000   1.000   0.000
   0.000   0.000   1.000   0.000   0.000
   0.000   1.000   0.000   0.000   0.000
   0.000   0.000   0.000   0.000   0.000
   0.000   0.000   0.000   0.000   0.000
   0.000   0.000   0.000   0.000   0.000
   0.000   0.000   0.000   0.000   0.000
   0.000   1.000   0.000   0.000   0.000
   1.000   0.000   0.000   0.000   0.000
   0.000   0.000   0.000   0.000   0.000
   0.000   0.000   0.000   0.000   0.000
   0.000   0.000   0.000   0.000   0.000
   0.000   0.000   0.000   0.000   0.000
   0.000   0.000   0.000   0.000   0.000
   0.000   0.000   0.000   1.000   0.000
   0.000   0.000   0.000   0.000   0.000
   0.000   0.000   0.000   0.000   0.000
   0.000   0.000   0.000   0.000   0.000
   0.000   0.000   0.000   0.000   0.000
   0.000   0.000   0.000   0.000   0.000
   0.000   0.000   1.000   0.000   0.000
   0.000   0.000   0.000   0.000   0.000
   0.000   0.000   0.000   0.000   0.000
   0.000   0.000   0.000   0.000   0.000
   0.000   0.000   0.000   0.000   0.000
   0.000   0.000   0.000   0.000   0.000
   0.000   0.000   0.000   0.000   0.000
   0.000   0.000   0.000   1.000   0.000
   0.000   0.000   0.000   0.000   0.000
   0.000   0.000   0.000   0.000   0.000
   0.000   0.000   0.000   0.000   0.000
   0.000   0.000   0.000   0.000   0.000
   0.000   0.000   0.000   0.000   0.000
   0.000   1.000   0.000   0.000   0.000
   0.000   0.000   0.000   0.000   0.000
   0.000   0.000   0.000   0.000   0.000
   0.000   0.000   0.000   0.000   0.000
   0.000   0.000   0.000   0.000   0.000
   0.000   0.000   0.000   0.000   0.000
   0.000   0.000   0.000   0.000   0.000
   1.000   0.000   0.000   0.000   0.000
   0.000   0.000   0.000   0.000   0.000

  Values of integer variables : Iteration no.: 5


   1.000   1.000   1.000   2.000   2.000
   1.000   1.000   1.000   1.000   1.000

=2

  Values of binary variables : Iteration no.: 6


   1.000   0.000   0.000   0.000   0.000
   0.000   0.000   0.000   0.000   0.000
   0.000   0.000   0.000   0.000   0.000
   0.000   0.000   0.000   0.000   0.000
   0.000   0.000   0.000   0.000   0.000
   0.000   0.000   0.000   0.000   0.000
   0.000   0.000   0.000   0.000   0.000
   0.000   0.000   0.000   0.000   0.000
   0.000   0.000   0.000   0.000   0.000
   0.000   0.000   1.000   0.000   0.000
   0.000   0.000   0.000   0.000   0.000
   0.000   0.000   0.000   0.000   0.000
   0.000   0.000   0.000   0.000   0.000
   0.000   0.000   0.000   0.000   0.000
   0.000   0.000   0.000   0.000   0.000
   0.000   0.000   0.000   0.000   0.000
   0.000   0.000   0.000   1.000   0.000
   0.000   0.000   1.000   0.000   0.000
   0.000   1.000   0.000   0.000   0.000
   0.000   0.000   0.000   0.000   0.000
   0.000   0.000   0.000   0.000   0.000
   0.000   0.000   0.000   0.000   0.000
   0.000   0.000   0.000   0.000   0.000
   0.000   1.000   0.000   0.000   0.000
   1.000   0.000   0.000   0.000   0.000
   0.000   0.000   0.000   0.000   0.000
   0.000   0.000   0.000   0.000   0.000
   0.000   0.000   0.000   0.000   0.000
   0.000   0.000   0.000   0.000   0.000
   0.000   0.000   0.000   0.000   0.000
   0.000   0.000   0.000   1.000   0.000
   0.000   0.000   0.000   0.000   0.000
   0.000   0.000   0.000   0.000   0.000
   0.000   0.000   0.000   0.000   0.000
   0.000   0.000   0.000   0.000   0.000
   0.000   0.000   0.000   0.000   0.000
   0.000   0.000   1.000   0.000   0.000
   0.000   0.000   0.000   0.000   0.000
   0.000   0.000   0.000   0.000   0.000
   0.000   0.000   0.000   0.000   0.000
   0.000   0.000   0.000   0.000   0.000
   0.000   0.000   0.000   0.000   0.000
   0.000   0.000   0.000   0.000   0.000
   0.000   0.000   0.000   1.000   0.000
   0.000   0.000   0.000   0.000   0.000
   0.000   0.000   0.000   0.000   0.000
   0.000   0.000   0.000   0.000   0.000
   0.000   0.000   0.000   0.000   0.000
   0.000   0.000   0.000   0.000   0.000
   0.000   0.000   1.000   0.000   0.000
   0.000   0.000   0.000   0.000   0.000
   0.000   0.000   0.000   0.000   0.000
   0.000   0.000   0.000   0.000   0.000
   0.000   0.000   0.000   0.000   0.000
   0.000   0.000   0.000   0.000   0.000
   0.000   0.000   0.000   0.000   0.000
   1.000   0.000   0.000   0.000   0.000
   0.000   0.000   0.000   0.000   0.000

  Values of integer variables : Iteration no.: 6


   1.000   1.000   1.000   2.000   2.000
   1.000   1.000   1.000   1.000   1.000

=2

  Values of binary variables : Iteration no.: 7


   1.000   0.000   0.000   0.000   0.000
   0.000   0.000   0.000   0.000   0.000
   0.000   0.000   0.000   0.000   0.000
   0.000   0.000   0.000   0.000   0.000
   0.000   0.000   0.000   0.000   0.000
   0.000   0.000   0.000   0.000   0.000
   0.000   0.000   0.000   0.000   0.000
   0.000   0.000   0.000   0.000   0.000
   0.000   0.000   0.000   0.000   0.000
   0.000   0.000   1.000   0.000   0.000
   0.000   0.000   0.000   0.000   0.000
   0.000   0.000   0.000   0.000   0.000
   0.000   0.000   0.000   0.000   0.000
   0.000   0.000   0.000   0.000   0.000
   0.000   0.000   0.000   0.000   0.000
   0.000   0.000   0.000   0.000   0.000
   0.000   0.000   0.000   1.000   0.000
   0.000   0.000   1.000   0.000   0.000
   0.000   1.000   0.000   0.000   0.000
   0.000   0.000   0.000   0.000   0.000
   0.000   0.000   0.000   0.000   0.000
   0.000   0.000   0.000   0.000   0.000
   0.000   0.000   0.000   0.000   0.000
   0.000   1.000   0.000   0.000   0.000
   1.000   0.000   0.000   0.000   0.000
   0.000   0.000   0.000   0.000   0.000
   0.000   0.000   0.000   0.000   0.000
   0.000   0.000   0.000   0.000   0.000
   0.000   0.000   0.000   0.000   0.000
   0.000   0.000   0.000   0.000   0.000
   0.000   0.000   0.000   1.000   0.000
   0.000   0.000   0.000   0.000   0.000
   0.000   0.000   0.000   0.000   0.000
   0.000   0.000   0.000   0.000   0.000
   0.000   0.000   0.000   0.000   0.000
   0.000   0.000   0.000   0.000   0.000
   0.000   0.000   0.000   1.000   0.000
   0.000   0.000   0.000   0.000   0.000
   0.000   0.000   0.000   0.000   0.000
   0.000   0.000   0.000   0.000   0.000
   0.000   0.000   0.000   0.000   0.000
   0.000   0.000   0.000   0.000   0.000
   0.000   0.000   0.000   0.000   0.000
   0.000   0.000   0.000   1.000   0.000
   0.000   0.000   0.000   0.000   0.000
   0.000   0.000   0.000   0.000   0.000
   0.000   0.000   0.000   0.000   0.000
   0.000   0.000   0.000   0.000   0.000
   0.000   0.000   0.000   0.000   0.000
   0.000   0.000   1.000   0.000   0.000
   0.000   0.000   0.000   0.000   0.000
   0.000   0.000   0.000   0.000   0.000
   0.000   0.000   0.000   0.000   0.000
   0.000   0.000   0.000   0.000   0.000
   0.000   0.000   0.000   0.000   0.000
   0.000   0.000   0.000   0.000   0.000
   1.000   0.000   0.000   0.000   0.000
   0.000   0.000   0.000   0.000   0.000

  Values of integer variables : Iteration no.: 7


   1.000   1.000   1.000   2.000   2.000
   1.000   1.000   1.000   1.000   1.000

=2

  Values of binary variables : Iteration no.: 8


   0.000   1.000   0.000   0.000   0.000
   0.000   0.000   0.000   0.000   0.000
   0.000   0.000   0.000   0.000   0.000
   0.000   0.000   0.000   0.000   0.000
   0.000   0.000   0.000   0.000   0.000
   0.000   0.000   0.000   0.000   0.000
   0.000   0.000   0.000   0.000   0.000
   0.000   0.000   0.000   0.000   0.000
   0.000   0.000   0.000   0.000   0.000
   1.000   0.000   0.000   0.000   0.000
   0.000   0.000   0.000   0.000   0.000
   0.000   0.000   0.000   0.000   0.000
   0.000   0.000   0.000   0.000   0.000
   0.000   0.000   0.000   0.000   0.000
   0.000   0.000   0.000   0.000   0.000
   0.000   0.000   0.000   0.000   0.000
   0.000   0.000   0.000   1.000   0.000
   0.000   0.000   1.000   0.000   0.000
   0.000   1.000   0.000   0.000   0.000
   0.000   0.000   0.000   0.000   0.000
   0.000   0.000   0.000   0.000   0.000
   0.000   0.000   0.000   0.000   0.000
   0.000   0.000   0.000   0.000   0.000
   0.000   0.000   1.000   0.000   0.000
   0.000   1.000   0.000   0.000   0.000
   0.000   0.000   0.000   0.000   0.000
   0.000   0.000   0.000   0.000   0.000
   0.000   0.000   0.000   0.000   0.000
   0.000   0.000   0.000   0.000   0.000
   0.000   0.000   0.000   0.000   0.000
   0.000   0.000   0.000   0.000   1.000
   0.000   0.000   0.000   0.000   0.000
   0.000   0.000   0.000   0.000   0.000
   0.000   0.000   0.000   0.000   0.000
   0.000   0.000   0.000   0.000   0.000
   0.000   0.000   0.000   0.000   0.000
   0.000   0.000   0.000   1.000   0.000
   0.000   0.000   0.000   0.000   0.000
   0.000   0.000   0.000   0.000   0.000
   0.000   0.000   0.000   0.000   0.000
   0.000   0.000   0.000   0.000   0.000
   0.000   0.000   0.000   0.000   0.000
   0.000   0.000   0.000   0.000   0.000
   0.000   0.000   0.000   1.000   0.000
   0.000   0.000   0.000   0.000   0.000
   0.000   0.000   0.000   0.000   0.000
   0.000   0.000   0.000   0.000   0.000
   0.000   0.000   0.000   0.000   0.000
   0.000   0.000   0.000   0.000   0.000
   0.000   0.000   1.000   0.000   0.000
   0.000   0.000   0.000   0.000   0.000
   0.000   0.000   0.000   0.000   0.000
   0.000   0.000   0.000   0.000   0.000
   0.000   0.000   0.000   0.000   0.000
   0.000   0.000   0.000   0.000   0.000
   0.000   0.000   0.000   0.000   0.000
   1.000   0.000   0.000   0.000   0.000
   0.000   0.000   0.000   0.000   0.000

  Values of integer variables : Iteration no.: 8


   1.000   1.000   1.000   2.000   2.000
   1.000   1.000   1.000   1.000   1.000

