=2
 -------------------------------------------------------------
   Values of discrete variables at the end of major iterations
 -------------------------------------------------------------

  Total no. of variables         :  3457
  Total no. of binary variables  :   150
  Total no. of integer variables :    10

  Seq. no. of binary variables in the list of variables


        1        2        3        4        5
        6        7        8        9       10
       11       12       13       14       15
       16       17       18       19       20
       21       22       23       24       25
       26       27       28       29       30
       31       32       33       34       35
       36       37       38       39       40
       41       42       43       44       45
       46       47       48       49       50
       51       52       53       54       55
       56       57       58       59       60
       61       62       63       64       65
       66       67       68       69       70
       71       72       73       74       75
       76       77       78       79       80
       81       82       83       84       85
       86       87       88       89       90
       91       92       93       94       95
       96       97       98       99      100
      101      102      103      104      105
      106      107      108      109      110
      111      112      113      114      115
      116      117      118      119      120
      121      122      123      124      125
      126      127      128      129      130
      131      132      133      134      135
      136      137      138      139      140
      141      142      143      144      145
      146      147      148      149      150

  Seq. no. of integer variables in the list of variables


      151      152      153      154      155
      156      157      158      159      160

  Values of binary variables : Iteration no.: 1


   0.360   0.207   0.166   0.000   0.511
   0.000   0.000   0.000   0.000   0.000
   0.000   0.000   0.000   0.000   0.000
   0.000   0.000   0.000   0.000   0.000
   0.576   0.000   0.000   0.597   0.000
   0.396   0.000   0.421   0.000   0.000
   0.000   0.000   0.000   0.000   0.000
   0.000   0.000   0.000   0.000   0.000
   0.604   0.000   0.579   0.000   0.000
   0.526   0.362   0.112   0.000   0.000
   0.000   0.000   0.000   0.000   0.000
   0.000   0.000   0.000   0.000   0.000
   0.526   0.327   0.022   0.022   0.000
   0.000   0.022   0.070   0.000   0.000
   0.000   0.000   0.000   0.000   0.000
   0.000   0.000   0.526   0.362   0.112
   0.206   0.362   0.298   0.206   0.497
   0.000   0.000   0.000   0.000   0.000
   0.000   0.000   0.651   0.284   0.043
   0.146   0.000   0.000   0.000   0.000
   0.000   0.000   0.000   0.000   0.000
   0.000   0.000   0.000   0.000   0.000
   0.321   0.000   0.135   0.000   0.000
   0.000   0.000   0.000   0.000   0.000
   0.000   0.000   0.000   0.000   0.000
   0.526   0.242   0.520   0.000   0.000
   0.000   0.000   0.000   0.000   0.000
   0.000   0.000   0.000   0.000   0.000
   0.000   0.000   0.504   0.000   0.482
   0.000   0.000   0.000   0.000   0.000

  Values of integer variables : Iteration no.: 1


   1.244   1.990   1.183   1.000   0.988
   2.568   1.125   0.455   1.289   0.986

=2

  Values of binary variables : Iteration no.: 2


   1.000   0.000   0.000   0.000   0.000
   0.000   0.000   0.000   0.000   0.000
   0.000   0.000   0.000   0.000   0.000
   0.000   0.000   0.000   0.000   0.000
   1.000   0.000   0.000   0.000   0.000
   0.000   0.000   1.000   0.000   0.000
   0.000   0.000   0.000   0.000   0.000
   0.000   0.000   0.000   0.000   0.000
   1.000   0.000   0.000   0.000   0.000
   1.000   0.000   0.000   0.000   0.000
   0.000   0.000   1.000   0.000   0.000
   0.000   0.000   0.000   0.000   0.000
   1.000   0.000   0.000   0.000   0.000
   0.000   0.000   1.000   0.000   0.000
   0.000   0.000   0.000   0.000   0.000
   0.000   0.000   1.000   0.000   0.000
   0.000   0.000   0.000   0.000   1.000
   0.000   0.000   0.000   0.000   0.000
   0.000   0.000   1.000   0.000   0.000
   0.000   0.000   0.000   0.000   1.000
   0.000   0.000   0.000   0.000   0.000
   0.000   0.000   0.000   0.000   0.000
   1.000   0.000   0.000   0.000   0.000
   0.000   0.000   0.000   0.000   0.000
   0.000   0.000   0.000   0.000   0.000
   1.000   0.000   0.000   0.000   0.000
   0.000   0.000   0.000   0.000   0.000
   0.000   0.000   0.000   0.000   0.000
   0.000   0.000   1.000   0.000   0.000
   0.000   0.000   0.000   0.000   0.000

  Values of integer variables : Iteration no.: 2


   1.000   2.000   1.000   2.000   2.000
   2.000   2.000   1.000   1.000   1.000

=2

  Values of binary variables : Iteration no.: 3


   1.000   0.000   0.000   0.000   0.000
   0.000   0.000   0.000   0.000   0.000
   0.000   0.000   0.000   0.000   0.000
   0.000   0.000   0.000   0.000   0.000
   0.000   0.000   0.000   1.000   0.000
   0.000   0.000   1.000   0.000   0.000
   0.000   0.000   0.000   0.000   0.000
   0.000   0.000   0.000   0.000   0.000
   1.000   0.000   0.000   0.000   0.000
   1.000   0.000   0.000   0.000   0.000
   0.000   0.000   1.000   0.000   0.000
   0.000   0.000   0.000   0.000   0.000
   1.000   0.000   0.000   0.000   0.000
   0.000   0.000   1.000   0.000   0.000
   0.000   0.000   0.000   0.000   0.000
   0.000   0.000   1.000   0.000   0.000
   0.000   0.000   0.000   0.000   1.000
   0.000   0.000   0.000   0.000   0.000
   0.000   0.000   1.000  -0.000   0.000
   0.000   0.000   0.000   0.000   1.000
   0.000   0.000   0.000   0.000   0.000
   0.000   0.000   0.000   0.000   0.000
   1.000   0.000   0.000   0.000   0.000
   0.000   0.000   0.000   0.000   0.000
   0.000   0.000   0.000   0.000   0.000
   1.000   0.000   0.000   0.000   0.000
   0.000   0.000   0.000   0.000   0.000
   0.000   0.000   0.000   0.000   0.000
   0.000   0.000   1.000   0.000   0.000
   0.000   0.000   0.000   0.000   0.000

  Values of integer variables : Iteration no.: 3


   1.000   2.000   1.000   2.000   2.000
   2.000   2.000   1.000   1.000   1.000

=2

  Values of binary variables : Iteration no.: 4


   1.000   0.000   0.000   0.000   0.000
   0.000   0.000   0.000   0.000   0.000
   0.000   0.000   0.000   0.000   0.000
   0.000   0.000   0.000   0.000   0.000
   0.000   0.000   1.000   0.000   0.000
   0.000   0.000   1.000   0.000   0.000
   0.000   0.000   0.000   0.000   0.000
   0.000   0.000   0.000   0.000   0.000
   1.000   0.000   0.000   0.000   0.000
   1.000   0.000   0.000   0.000   0.000
   0.000   0.000   1.000   0.000   0.000
   0.000   0.000   0.000   0.000   0.000
   1.000   0.000   0.000   0.000   0.000
   0.000   0.000   1.000   0.000   0.000
   0.000   0.000   0.000   0.000   0.000
   0.000   0.000   1.000   0.000   0.000
   0.000   0.000   0.000   0.000   1.000
   0.000   0.000   0.000   0.000   0.000
   0.000   0.000   1.000   0.000   0.000
   0.000   0.000   0.000   0.000   1.000
   0.000   0.000   0.000   0.000   0.000
   0.000   0.000   0.000   0.000   0.000
   1.000   0.000   0.000   0.000   0.000
   0.000   0.000   0.000   0.000   0.000
   0.000   0.000   0.000   0.000   0.000
   1.000   0.000   0.000   0.000   0.000
   0.000   0.000   0.000   0.000   0.000
   0.000   0.000   0.000   0.000   0.000
   0.000   0.000   1.000   0.000   0.000
   0.000   0.000   0.000   0.000   0.000

  Values of integer variables : Iteration no.: 4


   1.000   2.000   1.000   2.000   2.000
   2.000   2.000   1.000   1.000   1.000

=2

  Values of binary variables : Iteration no.: 5


   1.000   0.000   0.000   0.000   0.000
   0.000   0.000   0.000   0.000   0.000
   0.000   0.000   0.000   0.000   0.000
   0.000   0.000   0.000   0.000   0.000
   0.000   1.000   0.000   0.000   0.000
   0.000   0.000   1.000   0.000   0.000
   0.000   0.000   0.000   0.000   0.000
   0.000   0.000   0.000   0.000   0.000
   1.000   0.000   0.000   0.000   0.000
   1.000   0.000   0.000   0.000   0.000
   0.000   0.000   1.000   0.000   0.000
   0.000   0.000   0.000   0.000   0.000
   1.000   0.000   0.000   0.000   0.000
   0.000   0.000   1.000   0.000   0.000
   0.000   0.000   0.000   0.000   0.000
   0.000   0.000   1.000   0.000   0.000
   0.000   0.000   0.000   0.000   1.000
   0.000   0.000   0.000   0.000   0.000
   0.000   0.000   1.000   0.000   0.000
   0.000   0.000   0.000   0.000   1.000
   0.000   0.000   0.000   0.000   0.000
   0.000   0.000   0.000   0.000   0.000
   1.000   0.000   0.000   0.000   0.000
   0.000   0.000   0.000   0.000   0.000
   0.000   0.000   0.000   0.000   0.000
   1.000   0.000   0.000   0.000   0.000
   0.000   0.000   0.000   0.000   0.000
   0.000   0.000   0.000   0.000   0.000
   0.000   0.000   1.000   0.000   0.000
   0.000   0.000   0.000   0.000   0.000

  Values of integer variables : Iteration no.: 5


   1.000   2.000   1.000   2.000   2.000
   2.000   2.000   1.000   1.000   1.000

